{"cityNames":["New York","Los Angeles","Chicago","Houston","Miami","San Francisco","Seattle","Las Vegas","Boston","Atlanta"],"distMatrix":[[0,4500,1270,2250,2100,4700,4650,4000,340,1400],[4500,0,2800,2450,3800,600,1800,430,4700,3100],[1270,2800,0,1515,1900,3000,2900,2700,1390,1100],[2250,2450,1515,0,1900,2600,3200,2400,2500,1300],[2100,3800,1900,1900,0,4100,4700,3900,2100,1100],[4700,600,3000,2600,4100,0,1300,900,5000,3500],[4650,1800,2900,3200,4700,1300,0,1700,4800,3900],[4000,430,2700,2400,3900,900,1700,0,4400,3400],[340,4700,1390,2500,2100,5000,4800,4400,0,1600],[1400,3100,1100,1300,1100,3500,3900,3400,1600,0],[]],"positions":[{"x":889.5607325178048,"y":613.2253125050152},{"x":141.06420956319866,"y":750.4083481508396},{"x":745.8093589723713,"y":532.675381129202},{"x":965.0635429394017,"y":103.03513947965249},{"x":422.3293668825716,"y":198.8846383017373},{"x":337.13138509811034,"y":336.18631339840533},{"x":242.46969739771052,"y":183.57232538366895},{"x":121.20128419316644,"y":895.6533468736278},{"x":555.4278439348952,"y":356.21871812349127},{"x":45.01400819527834,"y":93.95173598431272}]}